{"Lx" : 92, 
"Ly" : 131, 
"Lx0" : 45.5, 
"Ly0" : 91, 
"find_range" : 1.1, 
"M" : 1, 
"A" : 4, 
"O" : 2, 
"max_obs" : 2, 
"gamma" : 0.99975, 
"beta" : 1,  
"tol_eta" : 0.00000001, 
"tol_Q" :   0.00000001,
"tol_conv" : 0.000001, 
"lr_th" : 0.01, 
"Ntot" : 1200000, 
"Nprint" : 1000, 
"reward_find" : 0,
"replica" : 0,
"thresh" : 15,
"symmetry" : 1,
"coarse" : 0}
